938
Minivan
17
7.5
25
3
14
26
45
16
47
13
20
5
16
9
23
3
13
9
7
17
55
18
78
7
8
4
14
15
19
4
24
13
23
5
19
3719
Hybrid
12
4
18
1.5
7
1
10
4
25
24
57
3
16
30
44
6
23
25
34
4
23
5
7
16
50
2615
Sedan
20
2.5
20
7
35
5
8
27
58
11
17
20
55
20
31
27
45
18.3
56
26
44
10.5
20
7
15
24
55
10
21
22
68
22.5
39
28
112
25
39
26
26
21
47
8817
Luxury
11
11
115
7
50
3
15
13
90
13.5
25
9
21
27
75
8
23
5.5
12
19
36
22.4
37
631
SUV
14
9
85
17
36
15.5
42
6
17
23.5
42
22
59
21.5
31
3
21
3
14
3
15
26
47
6
8
20
45
15
51