951832
Sedan
11
14.5
46
15
40
3
11
18
165
187
4
1.5
8
17
75
25
129
6.5
35
2
9
44
79
751937
Luxury
20
3
10
11
47
11
35
6
40
11
121
1
8
23.5
42
22
59
21.5
31
3
21
3
14
3
15
26
47
6
8
20
45
6.5
35
1
10
4
25
24
57
13
26
581743
Hybrid
10
5.5
27
35
5
8
27
58
11
17
20
55
20
31
51
27
45
18.3
56
26
44
815739
Mini-van
16
3
15
3
18
1
9
54
85
17
36
15.5
42
6
17
23.5
46
15
40
3
11
19
28
25
72
25
66
14
23
5
10
10
19
313982
Sedan
18
9
44
3.5
21
20
5
16
9
23
3
13
9
7
17
55
18
78
7
8
4
25
24
57
3
16
30
44
6
23
25
34
4
23
5
7
16
470198
Hybrid
13
1.5
8
17
75
25
129
6.5
35
1
10
4
25
24
57
3
16
30
44
21.5
31
3
21
3
14
3
15